   2    4    6   10   12   18   22   28   36   46
  52   58   60   66   70   78   82  100  102  106
 130  138  148  162  166  172  178  180  190  196
 198  210  226  238  262  268  270  292  310  316
 346  348  358  366  372  378  382  388  418  420
 442  460  462  466  478  486  490  502  508  522
 540  546  556  562  586  598  606  612  618  646
 652  658  660  676  700  708  718  742  750  756
 772  786  796  820  822  826  828  838  852  858
 862  876  882  886  906  940  946  966  982  990
1018 1030 1038 1060 1062 1086 1090 1108 1116 1122
1150 1170 1186 1212 1222 1228 1230 1236 1258 1276
1278 1282 1290 1300 1302 1306 1318 1366 1372 1380
1426 1438 1446 1450 1452 1482 1486 1492 1498 1510
1522 1530 1542 1548 1558 1566 1570 1582 1606 1618
1620 1636 1662 1666 1668 1692 1732 1740 1746 1758
1782 1786 1822 1846 1860 1866 1870 1876 1878 1900
1906 1930 1948 1950 1972 1978 1986 1996 2026 2028
2038 2052 2062 2068 2082 2086 2098 2110 2130 2140
2206 2212 2220 2236 2238 2242 2266 2268 2292 2308
2310 2332 2338 2356 2370 2388 2398 2422 2436 2446
2458 2466 2476 2502 2530 2538 2542 2548 2550 2556
2578 2590 2620 2646 2658 2662 2676 2682 2692 2698
2706 2710 2718 2740 2788 2796 2802 2818 2836 2842
2850 2860 2878 2886 2902 2908 2926 2938 2956 2962
2998 3010 3018 3022 3036 3066 3078 3082 3118 3166
3186 3202 3252 3298 3306 3318 3322 3346 3358 3370
3406 3412 3460 3466 3468 3490 3498 3510 3516 3526
3532 3538 3546 3556 3558 3570 3580 3582 3612 3622
3636 3642 3658 3670 3676 3690 3700 3708 3718 3726
3732 3766 3778 3796 3802 3846 3850 3852 3862 3876
3906 3910 3916 3918 3922 3930 3946 3966 3988 4002
4006 4012 4018 4020 4078 4090 4092 4098 4110 4126
4132 4138 4156 4158 4218 4228 4230 4242 4252 4258
4260 4282 4326 4348 4356 4362 4372 4390 4396 4446
4450 4462 4482 4492 4506 4516 4546 4582 4590 4602
4620 4636 4638 4678 4690 4702 4722 4782 4786 4788
4798 4812 4830 4876 4902 4918 4932 4942 4950 4956
4966 4972 4986 5002 5010 5022 5038 5050 5058 5076
5086 5098 5106 5118 5146 5170 5178 5188 5226 5230
5260 5302 5308 5332 5350 5386 5398 5406 5430 5442
5476 5478 5482 5500 5506 5518 5526 5556 5562 5572
5590 5622 5638 5646 5650 5658 5682 5692 5700 5716
5740 5742 5748 5778 5782 5790 5806 5812 5826 5838
5842 5850 5868 5878 5902 5922 5926 5938 5986 6010
6028 6046 6052 6066 6100 6130 6142 6172 6196 6198
6202 6210 6228 6246 6262 6268 6276 6286 6298 6310
6316 6322 6342 6358 6366 6372 6378 6388 6396 6468
6490 6546 6550 6598 6606 6618 6636 6652 6658 6690
6700 6702 6708 6718 6732 6762 6778 6780 6802 6822
6826 6828 6862 6868 6882 6898 6906 6910 6916 6946
6948 6970 6982 6990 7012 7018 7026 7038 7042 7068
7078 7102 7108 7126 7158 7186 7206 7210 7218 7228
7236 7242 7246 7252 7282 7306 7330 7348 7410 7450
7458 7476 7498 7506 7516 7522 7540 7546 7548 7558
7572 7582 7588 7590 7602 7606 7620 7642 7668 7686
7690 7702 7716 7726 7756 7758 7788 7822 7828 7852
7876 7878 7882 7900 7906 7918 7932 7948 7950 8038
8052 8068 8086 8092 8110 8116 8122 8146 8170 8178
8218 8220 8230 8236 8242 8262 8268 8290 8292 8310
8362 8386 8422 8428 8430 8442 8446 8466 8526 8538
8542 8562 8572 8596 8598 8622 8626 8646 8662 8668
8676 8692 8698 8730 8740 8746 8782 8802 8806 8818
8820 8836 8838 8860 8866 8886 8922 8932 8950 8962
8970 8998 9006 9010 9028 9058 9102 9126 9150 9172
9180 9198 9202 9220 9226 9238 9282 9292 9310 9318
9322 9340 9342 9348 9370 9390 9396 9418 9420 9436
9466 9478 9490 9532 9538 9546 9550 9586 9612 9618
9628 9642 9660 9676 9678 9732 9742 9748 9766 9790
9802 9838 9850 9858 9870 9882 9886 9900 9906 9922
9940 9948 9966 
